33.470851063829784 -428.45121276595745
23.42340425531915 -437.2022765957447
10.224255319148934 -424.76440425531916
20.041063829787234 -388.08929787234047
7.955079787234042 -394.9612127659575
21.35 -386.25100000000003
5.602978723404255 -392.83738297872344
0.0 -408.0386595744681
21.27404255319149 -439.5899361702128
19.01744680851064 -443.28036170212766
18.986808510638298 -444.89334042553196
21.828297872340425 -445.70865957446813
21.828297872340425 -468.4050425531915
23.42404255319149 -470.0007872340426
25.019787234042553 -468.4050425531915
25.019787234042553 -445.70865957446813
26.469148936170214 -445.70865957446813
28.064893617021276 -444.112914893617
23.225106382978723 -442.51717021276596
24.605531914893618 -440.25972340425534
35.80808510638298 -430.62525531914895
17.583191489361703 -392.02908510638304
6.382978723404255 -408.0386595744681
7.9787234042553195 -409.63440425531917
18.679787234042553 -395.0263191489362
19.63021276595745 -392.9795106382979
80.48851063829787 -384.94206382978723
78.64999999999999 -386.25100000000003
79.95893617021275 -388.08929787234047
92.04492021276596 -394.9612127659575
89.77574468085108 -424.76440425531916
66.52914893617022 -428.45121276595745
64.27382978723404 -428.3699361702128
64.19234042553192 -430.62525531914895
72.1695744680851 -443.28057446808515
72.13893617021277 -444.8935531914894
74.98021276595745 -445.70887234042556
74.98042553191489 -468.405255319149
74.98031914893616 -457.05706382978724
78.17191489361701 -468.405255319149
78.17170212765957 -445.70887234042556
78.17180851063829 -457.05706382978724
81.21702127659574 -444.1131276595745
79.62127659574467 -442.51738297872345
77.75851063829786 -440.2582340425532
92.29170212765956 -426.72802127659577
100.0 -408.0386595744681
77.30468085106384 -397.30546808510644
75.00781914893618 -407.9104680851064
75.15556848404255 -386.6873796542553
69.29832446808511 -378.0071436170213
60.61808843085106 -372.14989960106385
39.38191156914894 -372.14989960106385
30.7016755319149 -378.0071436170213
31.714042553191494 -419.14291489361705
24.99210106382979 -407.9103882978724
47.84787234042553 -434.3892978723404
45.05234042553191 -438.96121276595744
45.02170212765957 -440.57419148936174
46.41361702127659 -441.3895106382979
48.40425531914893 -468.4050425531915
48.40425531914893 -454.8972765957447
51.595744680851055 -468.4050425531915
51.595744680851055 -441.3895106382979
51.595744680851055 -454.8972765957447
55.18234042553191 -439.79376595744685
53.58659574468084 -438.1980212765958
51.18255319148936 -435.0531276595745
60.368803191489356 -427.717170212766
34.23021276595745 -417.17951063829787
28.011648936170214 -406.87179787234044
50.0 -373.1922765957447
37.839117415287625 -376.48914026792755
74.1131914893617 -397.30546808510644
62.16088258471237 -376.48914026792755
65.76978723404255 -417.17951063829787
71.9883510638298 -406.87179787234044
50.0 -431.9999361702128
41.52922872340426 -425.1268510638298
30.67404255319149 -398.8984468085107
50.0 -379.57525531914894
37.469707446808506 -384.773420212766
51.59574468085106 -377.9795106382979
29.07829787234043 -397.30248936170216
39.4497084318361 -379.24387628053586
33.36148936170213 -403.0427021276596
31.324680851063828 -402.071
30.352978723404252 -404.10780851063834
38.005531914893616 -415.8303617021277
38.98617021276596 -415.4927021276596
