40.0 -359.19797615078596
240.0 -359.19797615078596
237.0941817426052 -383.12954257954175
228.545602565321 -405.6702933551628
214.8510748171101 -425.51024197486544
196.80647467311556 -441.4963627401516
175.46048870425355 -452.6996004193274
152.05366802553232 -458.46886356059133
127.94633197446771 -458.46886356059133
104.53951129574642 -452.6996004193274
83.19352532688443 -441.4963627401516
65.14892518288988 -425.51024197486544
51.454397434679024 -405.6702933551628
42.9058182573948 -383.1295425795417
42.905818257394785 -335.2664097220302
51.45439743467898 -312.7256589464091
65.1489251828899 -292.88571032670643
83.1935253268844 -276.89958956142027
104.53951129574641 -265.69635188224447
127.94633197446763 -259.92708874098054
152.05366802553232 -259.92708874098054
175.46048870425355 -265.69635188224447
196.80647467311553 -276.89958956142027
214.85107481711006 -292.88571032670643
228.545602565321 -312.7256589464091
237.0941817426052 -335.2664097220302
