69.62199999999999 -455.96910920585145
67.72035323847807 -454.0674624443295
63.917059715434256 -450.2641689212857
58.212119430868526 -444.55922863672
53.0154379743457 -440.1787637570683
58.21313275841936 -450.1337936981868
56.0160885056129 -447.93674944538037
64.55130893563074 -463.2194303014128
58.936453470334094 -457.6046048606362
69.62194995913327 -458.8564672148922
52.32972797784856 -442.8350330436523
60.292230688395506 -448.0547458090774
58.92081069540123 -449.4261658020717
54.52675555036612 -445.03207729645874
66.90976000400326 -460.15337635735847
62.742594318693584 -459.99537232072856
60.99990862537737 -448.76247378692597
68.91427202215141 -456.6768371837
66.9356811729579 -454.6982463345065
67.17294994245299 -457.1412164267485
