411.328 -315.549
107.31299999999999 -11.533999999999992
411.328 -315.549
373.326125 -277.547125
335.32425 -239.54524999999998
297.32237499999997 -201.54337499999997
259.3205 -163.54149999999998
221.318625 -125.53962499999999
183.31674999999998 -87.53774999999999
145.31487499999997 -49.53587499999999
107.31299999999999 -11.533999999999992
107.31299999999999 -11.533999999999992
79.46799999999999 8.881784197001252e-15
79.46799999999999 8.881784197001252e-15
51.621999999999986 -11.533999999999992
51.621999999999986 -11.533999999999992
51.621999999999986 -67.22299999999998
51.621999999999986 -11.533999999999992
51.621999999999986 -67.22299999999998
183.337 -198.938
51.621999999999986 -67.22299999999998
95.52699999999999 -111.12799999999999
139.432 -155.033
183.337 -198.938
183.337 -198.938
122.988 -259.287
183.337 -198.938
122.988 -259.287
122.988 -259.287
120.059 -266.358
120.059 -266.358
122.988 -273.42900000000003
122.988 -273.42900000000003
309.99699999999996 -460.437
122.988 -273.42900000000003
160.38979999999998 -310.8306
197.7916 -348.23220000000003
235.19339999999997 -385.6338
272.5952 -423.0354
309.99699999999996 -460.437
309.99699999999996 -460.437
317.068 -463.366
317.068 -463.366
324.139 -460.437
324.139 -460.437
411.327 -373.249
324.139 -460.437
367.733 -416.843
411.327 -373.249
411.327 -373.249
411.328 -315.54900000000004
411.327 -373.249
411.328 -315.54900000000004
411.328 -315.549
411.328 -315.54900000000004
411.328 -315.549
65.76499999999999 -53.081999999999994
65.76499999999999 -53.081999999999994
65.76499999999999 -53.081999999999994
65.76499999999999 -53.081999999999994
65.76499999999999 -53.081999999999994
65.76499999999999 -25.676999999999992
65.76499999999999 -25.676999999999992
79.46799999999999 -19.999999999999993
79.46799999999999 -19.999999999999993
93.16999999999999 -25.675999999999995
93.16999999999999 -25.675999999999995
224.885 -157.391
93.16999999999999 -25.675999999999995
137.075 -69.58099999999999
180.98 -113.48599999999999
224.885 -157.391
224.885 -157.391
197.47899999999998 -184.797
224.885 -157.391
197.47899999999998 -184.797
197.47899999999998 -184.797
65.76499999999999 -53.081999999999994
197.47899999999998 -184.797
153.57433333333333 -140.892
109.66966666666666 -96.987
65.76499999999999 -53.081999999999994
397.186 -359.10699999999997
317.06899999999996 -439.22499999999997
397.186 -359.10699999999997
357.12749999999994 -399.16599999999994
317.06899999999996 -439.22499999999997
317.06899999999996 -439.22499999999997
144.20199999999997 -266.3589999999999
317.06899999999996 -439.22499999999997
273.85224999999997 -396.00849999999997
230.63549999999998 -352.7919999999999
187.41874999999996 -309.5754999999999
144.20199999999997 -266.3589999999999
144.20199999999997 -266.3589999999999
239.027 -171.53399999999993
144.20199999999997 -266.3589999999999
191.61449999999996 -218.94649999999993
239.027 -171.53399999999993
239.027 -171.53399999999993
397.18499999999995 -329.6919999999999
239.027 -171.53399999999993
278.56649999999996 -211.07349999999994
318.106 -250.61299999999991
357.64549999999997 -290.1524999999999
397.18499999999995 -329.6919999999999
397.18499999999995 -329.6919999999999
397.1859999999999 -359.1069999999999
397.1859999999999 -359.1069999999999
397.186 -359.10699999999997
397.1859999999999 -359.1069999999999
397.186 -359.10699999999997
369.456 -336.042
362.387 -338.972
362.387 -338.972
359.456 -346.042
359.456 -346.042
362.387 -353.11199999999997
362.387 -353.11199999999997
369.456 -356.042
369.456 -356.042
376.526 -353.11199999999997
376.526 -353.11199999999997
379.456 -346.042
379.456 -346.042
376.526 -338.972
376.526 -338.972
369.456 -336.042
