744.5516481631142 208.1505370063524
55.448351836885806 208.1505370063524
744.5516481631142 208.1505370063524
646.1083201165102 208.1505370063524
547.6649920699061 208.1505370063524
449.221664023302 208.1505370063524
350.77833597669803 208.1505370063524
252.3350079300939 208.1505370063524
153.8916798834899 208.1505370063524
55.448351836885806 208.1505370063524
55.448351836885806 208.1505370063524
0.0 152.70218516946665
0.0 152.70218516946665
0.0 -330.5326481631142
0.0 152.70218516946665
0.0 56.05521850295048
0.0 -40.59174816356568
0.0 -137.23871483008185
0.0 -233.8856814965981
0.0 -330.5326481631142
0.0 -330.5326481631142
55.448351836885806 -385.98099999999994
55.448351836885806 -385.98099999999994
744.5516481631142 -385.98099999999994
55.448351836885806 -385.98099999999994
153.89167988348987 -385.98099999999994
252.3350079300939 -385.98099999999994
350.778335976698 -385.98099999999994
449.221664023302 -385.98099999999994
547.6649920699061 -385.98099999999994
646.1083201165102 -385.98099999999994
744.5516481631142 -385.98099999999994
744.5516481631142 -385.98099999999994
800.0 -330.5326481631142
800.0 -330.5326481631142
800.0 152.70218516946665
800.0 -330.5326481631142
800.0 -233.8856814965981
800.0 -137.23871483008185
800.0 -40.59174816356568
800.0 56.05521850295048
800.0 152.70218516946665
800.0 152.70218516946665
744.5516481631142 208.1505370063524
763.8826307401271 -330.5326481631143
744.5534541218752 -349.8618247813662
744.5534541218752 -349.8618247813662
55.448351836885806 -349.8618247813662
744.5534541218752 -349.8618247813662
646.1098680811624 -349.86182478136624
547.6662820404497 -349.8618247813662
449.22269599973686 -349.8618247813662
350.77910995902414 -349.8618247813662
252.3355239183113 -349.8618247813662
153.89193787759862 -349.8618247813662
55.448351836885806 -349.8618247813662
55.448351836885806 -349.8618247813662
36.119175218633885 -330.5326481631143
36.119175218633885 -330.5326481631143
36.119175218633885 152.70218516946665
36.119175218633885 -330.5326481631143
36.119175218633885 -233.88568149659818
36.119175218633885 -137.2387148300819
36.119175218633885 -40.59174816356574
36.119175218633885 56.05521850295048
36.119175218633885 152.70218516946665
36.119175218633885 152.70218516946665
55.448351836885806 172.0313617877186
55.448351836885806 172.0313617877186
744.5516481631142 172.0313617877186
55.448351836885806 172.0313617877186
153.89167988348987 172.0313617877186
252.3350079300939 172.0313617877186
350.778335976698 172.0313617877186
449.221664023302 172.0313617877186
547.6649920699061 172.0313617877186
646.1083201165102 172.0313617877186
744.5516481631142 172.0313617877186
744.5516481631142 172.0313617877186
763.8808247813661 152.70218516946665
763.8808247813661 152.70218516946665
763.8808247813661 -330.5326481631143
763.8808247813661 152.70218516946665
763.8808247813661 56.055218502950424
763.8808247813661 -40.59174816356574
763.8808247813661 -137.2387148300819
763.8808247813661 -233.88568149659818
763.8808247813661 -330.5326481631143
763.8808247813661 -330.5326481631143
763.8826307401271 -330.5326481631143
763.8808247813661 -330.5326481631143
763.8826307401271 -330.5326481631143
523.3776846705706 133.65835003544197
143.89157023599364 133.65835003544197
523.3776846705706 133.65835003544197
428.5061560619263 133.65835003544197
333.6346274532821 133.65835003544197
238.76309884463788 133.65835003544197
143.89157023599364 133.65835003544197
143.89157023599364 133.65835003544197
73.13771790021174 62.90449769966
143.89157023599364 133.65835003544197
73.13771790021174 62.90449769966
73.13771790021174 -240.7349606933076
73.13771790021174 62.90449769966
73.13771790021174 -38.308655097995825
73.13771790021174 -139.52180789565173
73.13771790021174 -240.7349606933076
73.13771790021174 -240.7349606933076
143.89157023599364 -311.48881302908956
73.13771790021174 -240.7349606933076
143.89157023599364 -311.48881302908956
523.3776846705706 -311.48881302908956
143.89157023599364 -311.48881302908956
238.76309884463788 -311.48881302908956
333.6346274532821 -311.48881302908956
428.5061560619263 -311.48881302908956
523.3776846705706 -311.48881302908956
523.3776846705706 -311.48881302908956
594.1333429651135 -240.7349606933076
523.3776846705706 -311.48881302908956
594.1333429651135 -240.7349606933076
594.1333429651135 62.90449769966
594.1333429651135 -240.7349606933076
594.1333429651135 -139.5218078956518
594.1333429651135 -38.308655097995825
594.1333429651135 62.90449769966
594.1333429651135 62.90449769966
523.3776846705707 133.65835003544197
594.1333429651135 62.90449769966
523.3776846705707 133.65835003544197
523.3776846705706 133.65835003544197
523.3776846705707 133.65835003544197
523.3776846705706 133.65835003544197
143.89157023599364 97.53917481680804
523.3776846705706 97.53917481680804
143.89157023599364 97.53917481680804
238.76309884463788 97.53917481680804
333.6346274532821 97.53917481680804
428.5061560619263 97.53917481680804
523.3776846705706 97.53917481680804
523.3776846705706 97.53917481680804
558.0141677464795 62.90449769966
558.0141677464795 62.90449769966
558.0141677464795 31.401353073967584
558.0141677464795 62.90449769966
558.0141677464795 31.401353073967584
558.0141677464795 31.401353073967584
109.25689311884557 31.401353073967584
558.0141677464795 31.401353073967584
445.824849089571 31.401353073967584
333.63553043266256 31.401353073967584
221.44621177575402 31.401353073967584
109.25689311884557 31.401353073967584
109.25689311884557 31.401353073967584
109.25689311884557 62.90449769966
109.25689311884557 31.401353073967584
109.25689311884557 62.90449769966
109.25689311884557 62.90449769966
143.8915702359936 97.53917481680804
143.8915702359936 97.53917481680804
143.89157023599364 97.53917481680804
143.8915702359936 97.53917481680804
143.89157023599364 97.53917481680804
109.25689311884562 -70.85564388750686
109.25689311884562 -4.7178221446664
109.25689311884562 -70.85564388750686
109.25689311884562 -4.7178221446664
109.25689311884562 -4.7178221446664
558.0123617877185 -4.7178221446664
109.25689311884562 -4.7178221446664
221.44576028606386 -4.7178221446664
333.6346274532821 -4.7178221446664
445.8234946205004 -4.7178221446664
558.0123617877185 -4.7178221446664
558.0123617877185 -4.7178221446664
558.0123617877185 -70.85564388750691
558.0123617877185 -4.7178221446664
558.0123617877185 -70.85564388750691
558.0123617877185 -70.85564388750691
109.25689311884562 -70.85564388750691
558.0123617877185 -70.85564388750691
445.8234946205004 -70.85564388750691
333.6346274532821 -70.85564388750691
221.44576028606386 -70.85564388750691
109.25689311884562 -70.85564388750691
109.25689311884562 -70.85564388750691
109.25689311884562 -70.85564388750686
109.25689311884562 -70.85564388750691
109.25689311884562 -70.85564388750686
558.0123617877185 -106.97481910614073
558.0123617877185 -173.11264084898121
558.0123617877185 -106.97481910614073
558.0123617877185 -173.11264084898121
558.0123617877185 -173.11264084898121
109.25689311884562 -173.11264084898121
558.0123617877185 -173.11264084898121
445.8234946205004 -173.11264084898121
333.6346274532821 -173.11264084898121
221.44576028606386 -173.11264084898121
109.25689311884562 -173.11264084898121
109.25689311884562 -173.11264084898121
109.25689311884562 -106.97481910614067
109.25689311884562 -173.11264084898121
109.25689311884562 -106.97481910614067
109.25689311884562 -106.97481910614067
558.0123617877185 -106.97481910614067
109.25689311884562 -106.97481910614067
221.44576028606386 -106.97481910614067
333.6346274532821 -106.97481910614067
445.8234946205004 -106.97481910614067
558.0123617877185 -106.97481910614067
558.0123617877185 -106.97481910614067
558.0123617877185 -106.97481910614073
558.0123617877185 -106.97481910614067
558.0123617877185 -106.97481910614073
523.3776846705706 -275.3714437692166
143.89157023599364 -275.3714437692166
523.3776846705706 -275.3714437692166
428.5061560619263 -275.3714437692166
333.6346274532821 -275.3714437692166
238.76309884463788 -275.3714437692166
143.89157023599364 -275.3714437692166
143.89157023599364 -275.3714437692166
109.25689311884562 -240.7367666520686
109.25689311884562 -240.7367666520686
109.25689311884562 -209.2336220263761
109.25689311884562 -240.7367666520686
109.25689311884562 -209.2336220263761
109.25689311884562 -209.2336220263761
558.0123617877185 -209.2336220263761
109.25689311884562 -209.2336220263761
221.44576028606386 -209.2336220263761
333.6346274532821 -209.2336220263761
445.8234946205004 -209.2336220263761
558.0123617877185 -209.2336220263761
558.0123617877185 -209.2336220263761
558.0123617877185 -240.7367666520686
558.0123617877185 -209.2336220263761
558.0123617877185 -240.7367666520686
558.0123617877185 -240.7367666520686
523.3776846705706 -275.3714437692166
681.7151190352569 21.692518775198778
737.6980346653785 77.6754344053204
737.6980346653785 77.6754344053204
681.7151190352569 133.65835003544197
681.7151190352569 133.65835003544197
625.7322034051352 77.6754344053204
625.7322034051352 77.6754344053204
681.7151190352569 21.692518775198778
681.7151190352569 97.53917481680804
701.5788594467447 77.6754344053204
701.5788594467447 77.6754344053204
681.7151190352569 57.81169399383265
681.7151190352569 57.81169399383265
661.8513786237692 77.6754344053204
661.8513786237692 77.6754344053204
681.7151190352569 97.53917481680804
681.7151190352569 -119.8422752777791
737.6980346653785 -63.85935964765747
737.6980346653785 -63.85935964765747
681.7151190352569 -7.876444017535903
681.7151190352569 -7.876444017535903
625.7322034051352 -63.85935964765747
625.7322034051352 -63.85935964765747
681.7151190352569 -119.8422752777791
681.7151190352569 -43.99561923616977
701.5788594467447 -63.85935964765747
701.5788594467447 -63.85935964765747
681.7151190352569 -83.72310005914517
681.7151190352569 -83.72310005914517
661.8513786237692 -63.85935964765747
661.8513786237692 -63.85935964765747
681.7151190352569 -43.99561923616977
721.4462117757541 -275.3714437692165
641.9840262947596 -275.3714437692165
721.4462117757541 -275.3714437692165
641.9840262947596 -275.3714437692165
641.9840262947596 -275.3714437692165
623.9244386854426 -293.4310313785335
623.9244386854426 -293.4310313785335
641.9840262947596 -311.49061898785044
641.9840262947596 -311.49061898785044
721.4462117757541 -311.49061898785044
641.9840262947596 -311.49061898785044
721.4462117757541 -311.49061898785044
721.4462117757541 -311.49061898785044
739.5057993850711 -293.4310313785335
739.5057993850711 -293.4310313785335
721.4462117757541 -275.3714437692165
721.4462117757541 -221.1926809412657
641.9840262947596 -221.1926809412657
721.4462117757541 -221.1926809412657
641.9840262947596 -221.1926809412657
641.9840262947596 -221.1926809412657
623.9244386854426 -239.25226855058264
623.9244386854426 -239.25226855058264
641.9840262947596 -257.3118561598996
641.9840262947596 -257.3118561598996
721.4462117757541 -257.3118561598996
641.9840262947596 -257.3118561598996
721.4462117757541 -257.3118561598996
721.4462117757541 -257.3118561598996
739.5057993850711 -239.25226855058264
739.5057993850711 -239.25226855058264
721.4462117757541 -221.1926809412657
