40.0 -449.53448369370886
58.0 -449.53448369370886
58.0 -449.53448369370886
57.73847635683447 -451.68832467229686
56.969104230878884 -453.7169922421028
55.736596733539905 -455.502587617876
54.1125827205804 -456.94133848675176
52.19144398338282 -457.94962987787756
50.08483012229791 -458.46886356059133
47.91516987770209 -458.46886356059133
45.808556016617175 -457.94962987787756
43.8874172794196 -456.94133848675176
42.26340326646009 -455.502587617876
41.03089576912111 -453.7169922421028
40.26152364316553 -451.68832467229686
40.0 -449.53448369370886
40.26152364316553 -447.3806427151208
41.03089576912111 -445.35197514531495
42.26340326646009 -443.5663797695417
43.887417279419594 -442.1276289006659
45.808556016617175 -441.1193375095401
47.915169877702084 -440.60010382682634
50.08483012229791 -440.60010382682634
52.19144398338282 -441.1193375095401
54.1125827205804 -442.1276289006659
55.736596733539905 -443.5663797695417
56.969104230878884 -445.35197514531495
57.73847635683447 -447.3806427151208
58.0 -449.53448369370886
58.0 -449.53448369370886
40.0 -449.53448369370886
58.0 -449.53448369370886
57.73847635683447 -451.68832467229686
56.969104230878884 -453.7169922421028
55.736596733539905 -455.502587617876
54.1125827205804 -456.94133848675176
52.19144398338282 -457.94962987787756
50.08483012229791 -458.46886356059133
47.91516987770209 -458.46886356059133
45.808556016617175 -457.94962987787756
43.8874172794196 -456.94133848675176
42.26340326646009 -455.502587617876
41.03089576912111 -453.7169922421028
40.26152364316553 -451.68832467229686
40.0 -449.53448369370886
40.26152364316553 -447.3806427151208
41.03089576912111 -445.35197514531495
42.26340326646009 -443.5663797695417
43.887417279419594 -442.1276289006659
45.808556016617175 -441.1193375095401
47.915169877702084 -440.60010382682634
50.08483012229791 -440.60010382682634
52.19144398338282 -441.1193375095401
54.1125827205804 -442.1276289006659
55.736596733539905 -443.5663797695417
56.969104230878884 -445.35197514531495
57.73847635683447 -447.3806427151208
58.0 -449.53448369370886
