6.024753191489361 -462.52203829787237
4.216212765957446 -464.0972297872341
6.024753191489361 -462.52203829787237
4.216212765957446 -464.0972297872341
1.840365957446808 -461.8584127659575
4.216212765957446 -464.0972297872341
1.840365957446808 -461.8584127659575
0.5744680851063829 -458.8477787234043
1.840365957446808 -461.8584127659575
0.5744680851063829 -458.8477787234043
3.607391489361702 -455.2568936170213
0.5744680851063829 -458.8477787234043
1.4319143617021275 -456.4938382978724
3.607391489361702 -455.2568936170213
3.843 -454.92600000000004
3.843 -454.92600000000004
3.5120680851063826 -454.69039148936173
3.5120680851063826 -454.69039148936173
1.0085361702127658 -456.11154893617027
3.5120680851063826 -454.69039148936173
1.0085361702127658 -456.11154893617027
0.0 -458.8477787234043
1.0085361702127658 -456.11154893617027
0.0 -458.8477787234043
1.3874936170212766 -462.21178723404256
0.0 -458.8477787234043
1.3874936170212766 -462.21178723404256
3.8293276595744676 -464.5270085106383
1.3874936170212766 -462.21178723404256
3.8293276595744676 -464.5270085106383
3.423140425531915 -465.191285106383
3.8293276595744676 -464.5270085106383
3.423140425531915 -465.191285106383
3.423140425531915 -465.191285106383
3.4176255319148936 -465.4816212765958
3.4176255319148936 -465.4816212765958
3.6681702127659572 -465.6283787234043
3.6681702127659572 -465.6283787234043
3.9290936170212762 -465.6283787234043
3.6681702127659572 -465.6283787234043
3.9290936170212762 -465.6283787234043
3.9290936170212762 -465.6283787234043
3.9290936170212762 -469.7137276595745
3.9290936170212762 -465.6283787234043
3.9290936170212762 -467.6710531914894
3.9290936170212762 -469.7137276595745
3.9290936170212762 -469.7137276595745
4.2163276595744685 -470.0009617021277
4.2163276595744685 -470.0009617021277
4.5035617021276595 -469.7137276595745
4.5035617021276595 -469.7137276595745
4.5035617021276595 -465.6283787234043
4.5035617021276595 -469.7137276595745
4.5035617021276595 -467.6710531914894
4.5035617021276595 -465.6283787234043
4.5035617021276595 -465.6283787234043
4.764446808510638 -465.6283787234043
4.5035617021276595 -465.6283787234043
4.764446808510638 -465.6283787234043
4.764446808510638 -465.6283787234043
5.051680851063829 -465.3411446808511
5.051680851063829 -465.3411446808511
4.764446808510638 -465.0539106382979
4.764446808510638 -465.0539106382979
4.18051914893617 -465.0539106382979
4.764446808510638 -465.0539106382979
4.18051914893617 -465.0539106382979
4.18051914893617 -465.0539106382979
4.428995744680851 -464.64757021276597
4.18051914893617 -465.0539106382979
4.428995744680851 -464.64757021276597
4.428995744680851 -464.64757021276597
6.4454553191489365 -462.91336595744684
4.428995744680851 -464.64757021276597
6.4454553191489365 -462.91336595744684
6.430825531914894 -462.50740851063836
6.430825531914894 -462.50740851063836
6.024753191489361 -462.52203829787237
3.164974468085106 -455.96605531914895
1.1489361702127658 -458.8477787234043
3.164974468085106 -455.96605531914895
1.1489361702127658 -458.8477787234043
1.4361702127659575 -459.13501276595747
1.4361702127659575 -459.13501276595747
1.723404255319149 -458.8477787234043
1.723404255319149 -458.8477787234043
3.3623617021276595 -456.50555744680855
1.723404255319149 -458.8477787234043
3.3623617021276595 -456.50555744680855
3.533438297872341 -456.13713191489364
3.533438297872341 -456.13713191489364
3.164974468085106 -455.96605531914895
16.991463829787236 -456.11154893617027
14.487931914893615 -454.69039148936173
16.991463829787236 -456.11154893617027
14.487931914893615 -454.69039148936173
14.156999999999998 -454.92600000000004
14.156999999999998 -454.92600000000004
14.392608510638295 -455.2568936170213
14.392608510638295 -455.2568936170213
17.425531914893618 -458.8477787234043
14.392608510638295 -455.2568936170213
16.568085638297873 -456.4938382978724
17.425531914893618 -458.8477787234043
16.159634042553193 -461.8584127659575
17.425531914893618 -458.8477787234043
16.159634042553193 -461.8584127659575
13.783787234042554 -464.0972297872341
16.159634042553193 -461.8584127659575
13.783787234042554 -464.0972297872341
11.975246808510638 -462.52203829787237
13.783787234042554 -464.0972297872341
11.975246808510638 -462.52203829787237
11.569289361702126 -462.50740851063836
11.569289361702126 -462.50740851063836
11.554621276595746 -462.91336595744684
11.554621276595746 -462.91336595744684
13.396672340425532 -464.527085106383
11.554621276595746 -462.91336595744684
13.396672340425532 -464.527085106383
12.990523404255319 -465.19132340425534
13.396672340425532 -464.527085106383
12.990523404255319 -465.19132340425534
12.990523404255319 -465.19132340425534
12.985008510638298 -465.4816595744681
12.985008510638298 -465.4816595744681
13.23555319148936 -465.6284170212766
13.23555319148936 -465.6284170212766
13.49643829787234 -465.6284170212766
13.23555319148936 -465.6284170212766
13.49643829787234 -465.6284170212766
13.49643829787234 -465.6284170212766
13.49647659574468 -469.71376595744687
13.49643829787234 -465.6284170212766
13.496457446808508 -467.67109148936174
13.49647659574468 -469.71376595744687
13.49647659574468 -469.71376595744687
13.783710638297869 -470.00100000000003
13.783710638297869 -470.00100000000003
14.070944680851062 -469.71376595744687
14.070944680851062 -469.71376595744687
14.070906382978722 -465.6284170212766
14.070944680851062 -469.71376595744687
14.070925531914892 -467.67109148936174
14.070906382978722 -465.6284170212766
14.070906382978722 -465.6284170212766
14.33182978723404 -465.6284170212766
14.070906382978722 -465.6284170212766
14.33182978723404 -465.6284170212766
14.33182978723404 -465.6284170212766
14.619063829787233 -465.34118297872345
14.619063829787233 -465.34118297872345
14.33182978723404 -465.05394893617023
14.33182978723404 -465.05394893617023
13.747902127659573 -465.05394893617023
14.33182978723404 -465.05394893617023
13.747902127659573 -465.05394893617023
13.747902127659573 -465.05394893617023
13.996531914893614 -464.6473021276596
13.747902127659573 -465.05394893617023
13.996531914893614 -464.6473021276596
13.996531914893614 -464.6473021276596
16.612506382978722 -462.21186382978726
13.996531914893614 -464.6473021276596
16.612506382978722 -462.21186382978726
18.0 -458.8477787234043
16.612506382978722 -462.21186382978726
18.0 -458.8477787234043
16.991463829787236 -456.11154893617027
18.0 -458.8477787234043
12.291472340425532 -460.8465446808511
13.91484255319149 -456.9158042553192
12.291472340425532 -460.8465446808511
13.501407446808512 -458.8247042553192
13.91484255319149 -456.9158042553192
9.0 -452.0009617021277
13.91484255319149 -456.9158042553192
13.528002327127657 -455.004548337766
12.47369840425532 -453.44210585106384
10.91125591755319 -452.3878019281915
9.0 -452.0009617021277
4.085157446808511 -456.9158042553192
9.0 -452.0009617021277
7.088744082446809 -452.3878019281915
5.526301595744682 -453.44210585106384
4.47199767287234 -455.004548337766
4.085157446808511 -456.9158042553192
5.708527659574469 -460.8465446808511
4.085157446808511 -456.9158042553192
4.498578191489362 -458.82468989361706
5.708527659574469 -460.8465446808511
8.612617021276595 -463.5908936170213
5.708527659574469 -460.8465446808511
7.0529601063829785 -462.3145117021277
8.612617021276595 -463.5908936170213
8.109421276595743 -464.41383829787236
8.612617021276595 -463.5908936170213
8.109421276595743 -464.41383829787236
8.109421276595743 -464.41383829787236
8.103906382978723 -464.7041744680851
8.103906382978723 -464.7041744680851
8.354451063829787 -464.85093191489364
8.354451063829787 -464.85093191489364
8.712765957446807 -464.85093191489364
8.354451063829787 -464.85093191489364
8.712765957446807 -464.85093191489364
8.712765957446807 -464.85093191489364
8.712765957446807 -469.7137276595745
8.712765957446807 -464.85093191489364
8.712765957446807 -467.28232978723406
8.712765957446807 -469.7137276595745
8.712765957446807 -469.7137276595745
8.999999999999998 -470.0009617021277
8.999999999999998 -470.0009617021277
9.28723404255319 -469.7137276595745
9.28723404255319 -469.7137276595745
9.28723404255319 -464.85093191489364
9.28723404255319 -469.7137276595745
9.28723404255319 -467.28232978723406
9.28723404255319 -464.85093191489364
9.28723404255319 -464.85093191489364
9.645587234042551 -464.85093191489364
9.28723404255319 -464.85093191489364
9.645587234042551 -464.85093191489364
9.645587234042551 -464.85093191489364
9.932821276595744 -464.56369787234047
9.932821276595744 -464.56369787234047
9.645587234042551 -464.27646382978725
9.645587234042551 -464.27646382978725
8.86672340425532 -464.27646382978725
9.645587234042551 -464.27646382978725
8.86672340425532 -464.27646382978725
8.86672340425532 -464.27646382978725
9.212859574468085 -463.71038297872343
8.86672340425532 -464.27646382978725
9.212859574468085 -463.71038297872343
9.212859574468085 -463.71038297872343
12.291472340425532 -460.8465446808511
9.212859574468085 -463.71038297872343
10.866384574468084 -462.3899106382979
6.1614382978723405 -460.49313191489364
4.659625531914894 -456.9158042553192
6.1614382978723405 -460.49313191489364
5.042096808510639 -458.63774361702133
4.659625531914894 -456.9158042553192
9.0 -452.5754297872341
4.659625531914894 -456.9158042553192
5.253069503546099 -454.7268283687944
6.811041134751772 -453.168865248227
9.0 -452.5754297872341
13.340374468085106 -456.9158042553192
9.0 -452.5754297872341
11.188958865248226 -453.168865248227
12.7469304964539 -454.7268283687944
13.340374468085106 -456.9158042553192
11.83856170212766 -460.49313191489364
13.340374468085106 -456.9158042553192
12.957903191489363 -458.63774361702133
11.83856170212766 -460.49313191489364
9.0 -463.16080851063833
11.83856170212766 -460.49313191489364
10.524738829787234 -461.92363882978725
9.0 -463.16080851063833
6.1614382978723405 -460.49313191489364
9.0 -463.16080851063833
7.475261170212766 -461.9236531914894
5.521327659574468 -457.20254042553194
5.808561702127659 -456.9153446808511
5.808561702127659 -456.9153446808511
9.0 -453.7243659574468
5.808561702127659 -456.9153446808511
6.744547340425531 -454.6600356382979
9.0 -453.7243659574468
9.287234042553191 -453.43713191489365
9.287234042553191 -453.43713191489365
9.0 -453.14989787234043
9.0 -453.14989787234043
5.234093617021277 -456.9152680851064
9.0 -453.14989787234043
7.100947517730498 -453.6647177304965
5.749188652482268 -455.0162865248227
5.234093617021277 -456.9152680851064
5.521327659574468 -457.20254042553194
5.521327659574468 -457.20254042553194
5.521327659574468 -457.20254042553194
5.521327659574468 -457.20254042553194
5.521327659574468 -457.20254042553194
6.005068085106383 -457.94850638297874
5.638442553191489 -457.77360000000004
5.638442553191489 -457.77360000000004
5.463536170212765 -458.14022553191495
5.463536170212765 -458.14022553191495
6.614348936170212 -460.1397191489362
5.463536170212765 -458.14022553191495
6.614348936170212 -460.1397191489362
6.840995744680851 -460.250285106383
6.840995744680851 -460.250285106383
7.017510638297873 -460.1895063829788
7.017510638297873 -460.1895063829788
7.0672595744680855 -459.7863446808511
7.0672595744680855 -459.7863446808511
6.005068085106383 -457.94850638297874
7.0672595744680855 -459.7863446808511
