15.644650106028477 -31.911393214177522
10.055434716752501 -28.846322023629202
15.644650106028477 -31.911393214177522
10.055434716752501 -28.846322023629202
10.055434716752501 -28.846322023629202
4.519112390184793 -32.009
10.055434716752501 -28.846322023629202
4.519112390184793 -32.009
4.519112390184793 -32.009
5.659312329597093 -25.658015449863676
4.519112390184793 -32.009
5.659312329597093 -25.658015449863676
5.659312329597093 -25.658015449863676
0.99 -21.280978188427753
5.659312329597093 -25.658015449863676
0.99 -21.280978188427753
0.99 -21.280978188427753
7.283729172977886 -20.421056952438654
0.99 -21.280978188427753
7.283729172977886 -20.421056952438654
7.283729172977886 -20.421056952438654
9.934925780066648 -14.554834595577095
7.283729172977886 -20.421056952438654
9.934925780066648 -14.554834595577095
9.934925780066648 -14.554834595577095
12.684274462284158 -20.374162072099367
9.934925780066648 -14.554834595577095
12.684274462284158 -20.374162072099367
12.684274462284158 -20.374162072099367
18.99 -21.123934868221752
12.684274462284158 -20.374162072099367
18.99 -21.123934868221752
18.99 -21.123934868221752
14.395392305362016 -25.58058436837322
18.99 -21.123934868221752
14.395392305362016 -25.58058436837322
14.395392305362016 -25.58058436837322
15.644650106028477 -31.911393214177522
14.395392305362016 -25.58058436837322
15.644650106028477 -31.911393214177522
