69.62199999999999 -455.96910920585145
54.408825907824706 -440.7559351136762
69.62199999999999 -455.96910920585145
67.72035323847807 -454.0674624443295
65.81870647695617 -452.1658156828076
63.917059715434256 -450.2641689212857
62.015412953912346 -448.3625221597638
60.113766192390436 -446.4608753982419
58.212119430868526 -444.55922863672
56.310472669346616 -442.65758187519805
54.408825907824706 -440.7559351136762
54.408825907824706 -440.7559351136762
53.0154379743457 -440.1787637570683
53.0154379743457 -440.1787637570683
51.621999999999986 -440.7559351136762
51.621999999999986 -440.7559351136762
51.621999999999986 -443.5426609397675
51.621999999999986 -440.7559351136762
51.621999999999986 -443.5426609397675
58.21313275841936 -450.1337936981868
51.621999999999986 -443.5426609397675
53.81904425280644 -445.7397051925739
56.0160885056129 -447.93674944538037
58.21313275841936 -450.1337936981868
58.21313275841936 -450.1337936981868
55.193216493469656 -453.1537099631365
58.21313275841936 -450.1337936981868
55.193216493469656 -453.1537099631365
55.193216493469656 -453.1537099631365
55.04664679488247 -453.50754893162747
55.04664679488247 -453.50754893162747
55.193216493469656 -453.8613879001184
55.193216493469656 -453.8613879001184
64.55130893563074 -463.2194303014128
55.193216493469656 -453.8613879001184
57.06483498190187 -455.7329963803773
58.936453470334094 -457.6046048606362
60.80807195876631 -459.4762133408951
62.67969044719853 -461.3478218211539
64.55130893563074 -463.2194303014128
64.55130893563074 -463.2194303014128
64.90514790412169 -463.366
64.90514790412169 -463.366
65.25898687261262 -463.2194303014128
65.25898687261262 -463.2194303014128
69.62194995913327 -458.8564672148922
65.25898687261262 -463.2194303014128
67.44046841587294 -461.0379487581525
69.62194995913327 -458.8564672148922
69.62194995913327 -458.8564672148922
69.62199999999999 -455.96910920585145
69.62194995913327 -458.8564672148922
69.62199999999999 -455.96910920585145
69.62199999999999 -455.96910920585145
69.62199999999999 -455.96910920585145
69.62199999999999 -455.96910920585145
52.32972797784856 -442.8350330436523
52.32972797784856 -442.8350330436523
52.32972797784856 -442.8350330436523
52.32972797784856 -442.8350330436523
52.32972797784856 -442.8350330436523
52.32972797784856 -441.4636630915247
52.32972797784856 -441.4636630915247
53.0154379743457 -441.17958109122446
53.0154379743457 -441.17958109122446
53.701097929976136 -441.463613050658
53.701097929976136 -441.463613050658
60.292230688395506 -448.0547458090774
53.701097929976136 -441.463613050658
55.89814218278259 -443.66065730346446
58.09518643558905 -445.85770155627097
60.292230688395506 -448.0547458090774
60.292230688395506 -448.0547458090774
58.92081069540123 -449.4261658020717
60.292230688395506 -448.0547458090774
58.92081069540123 -449.4261658020717
58.92081069540123 -449.4261658020717
52.32972797784856 -442.8350330436523
58.92081069540123 -449.4261658020717
56.723783122883674 -447.22912154926524
54.52675555036612 -445.03207729645874
52.32972797784856 -442.8350330436523
68.91432206301812 -458.1487892779103
64.90519794498839 -462.1579634368067
68.91432206301812 -458.1487892779103
66.90976000400326 -460.15337635735847
64.90519794498839 -462.1579634368067
64.90519794498839 -462.1579634368067
56.25478343980916 -453.5075989724942
64.90519794498839 -462.1579634368067
62.742594318693584 -459.99537232072856
60.57999069239878 -457.8327812046505
58.41738706610397 -455.6701900885723
56.25478343980916 -453.5075989724942
56.25478343980916 -453.5075989724942
60.99990862537737 -448.76247378692597
56.25478343980916 -453.5075989724942
58.627346032593266 -451.1350363797101
60.99990862537737 -448.76247378692597
60.99990862537737 -448.76247378692597
68.91427202215141 -456.6768371837
60.99990862537737 -448.76247378692597
62.97849947457088 -450.74106463611946
64.95709032376439 -452.719655485313
66.9356811729579 -454.6982463345065
68.91427202215141 -456.6768371837
68.91427202215141 -456.6768371837
68.91432206301812 -458.1487892779103
68.91432206301812 -458.1487892779103
68.91432206301812 -458.1487892779103
68.91432206301812 -458.1487892779103
68.91432206301812 -458.1487892779103
67.52668882921051 -456.99459668729463
67.17294994245299 -457.1412164267485
67.17294994245299 -457.1412164267485
67.0262801621324 -457.4950053543727
67.0262801621324 -457.4950053543727
67.17294994245299 -457.84879428199696
67.17294994245299 -457.84879428199696
67.52668882921051 -457.9954140214508
67.52668882921051 -457.9954140214508
67.88047775683474 -457.84879428199696
67.88047775683474 -457.84879428199696
68.02709749628862 -457.4950053543727
68.02709749628862 -457.4950053543727
67.88047775683474 -457.1412164267485
67.88047775683474 -457.1412164267485
67.52668882921051 -456.99459668729463
