17.272944562253862 -31.9005480157528
11.062705240836111 -28.494913359588004
17.272944562253862 -31.9005480157528
11.062705240836111 -28.494913359588004
11.062705240836111 -28.494913359588004
4.911235989094214 -32.009
11.062705240836111 -28.494913359588004
4.911235989094214 -32.009
4.911235989094214 -32.009
6.178124810663436 -24.952350499848528
4.911235989094214 -32.009
6.178124810663436 -24.952350499848528
6.178124810663436 -24.952350499848528
0.99 -20.088975764919724
6.178124810663436 -24.952350499848528
0.99 -20.088975764919724
0.99 -20.088975764919724
7.983032414419873 -19.13350772493184
0.99 -20.088975764919724
7.983032414419873 -19.13350772493184
7.983032414419873 -19.13350772493184
10.928806422296274 -12.61548288397455
7.983032414419873 -19.13350772493184
10.928806422296274 -12.61548288397455
10.928806422296274 -12.61548288397455
13.983638291426843 -19.081402302332627
10.928806422296274 -12.61548288397455
13.983638291426843 -19.081402302332627
13.983638291426843 -19.081402302332627
20.99 -19.914483186913056
13.983638291426843 -19.081402302332627
20.99 -19.914483186913056
20.99 -19.914483186913056
15.884880339291128 -24.866315964859133
20.99 -19.914483186913056
15.884880339291128 -24.866315964859133
15.884880339291128 -24.866315964859133
17.272944562253862 -31.9005480157528
15.884880339291128 -24.866315964859133
17.272944562253862 -31.9005480157528
